cluster 1, ids:
6182
4855
5899
387
2569
5376
7892
6864
10755
503
8430
2139
9909
7437
8082
1386
1050
10401
3332
2261
5346
5268
2230
7516
8373
5234
9862
6205
8442
7386
5342
10837
2795
8182
3152
6460
3559
10796
2563
3518
5823
9733
7224
624
5176
9076
9617
89
2936
7297
10735
7411
10236
6340
2227
5304
2661
10264
4557
5726
6336
4669
9974
9262
4927
10451
9491
6609
10032
2826
231
113
5835
3896
7786
2861
9592
4099
8234
8842
2958
4432
2557
1726
4459
1517
9543
6878
948
6354
798
8213
2488
615
3645
5049
7301
6504
3129
6528
5987
498
5455
456
5012
5029
10642
2106
10364
2541
9213
9081
8346
3436
3921
9135
8151
10203
3696
35
8724
304
3665
8541
9671
2256
5371
9460
8420
891
1160
5123
8036
4179
4992
5252
6919
3537
10277
7141
8477
2457
7930
6682
6222
10862
6941
3641
5063
4376
6728
946
7093
1777
8162
10826
1987
11007
6961
9316
2868
1940
1715
4329
4692
6516
7235
7573
4303
49
4290
10219
4211
1135
3479
8523
2964
5585
2986
7462
7034
1143
3855
6646
11003
11121
10262
7186
4297
9553
4259
2447
3623
3270
8443
1928
9960
905
5871
5692
8700
7574
10031
10995
3955
9850
11188
5527
8975
1710
3158
4436
2445
4240
3706
3628
10175
5263
9503
10749
9725
5740
5731
4415
4817
577
10914
1109
4444
10065
11010
880
4713
8977
606
10617
4066
4961
10525
10710
213
193
3363
8686
2918
3839
9392
2292
4088
234
3068
10395
1176
7736
1502
6918
11086
1291
6862
4136
4298
8147
11114
7527
5043
4808
5068
10641
1878
6197
6398
7937
4246
4832
2253
5181
10390
8369
1384
6770
793
8702
8140
2587
2589
524
4098
4086
2428
1362
7152
10033
922
2518
6856
6875
2157
10403
5074
9672
3102
5868
5751
3865
3887
11110
7998
3536
3745
9771
451
6678
6365
5636
4037
6642
9530
8135
4971
10069
24
11092
1773
6215
5423
9668
9986
10207
2814
3829
8079
13
4712
1170
6347
2156
7788
10790
10398
2431
5294
7349
4055
7629
6742
2634
1744
10304
10250
3878
2154
5394
8812
4328
8312
5093
7433
164
5150
10691
6237
3130
2549
8566
78
1087
6859
9576
7419
9931
10595
5010
11148
5316
10241
8486
3286
9612
8341
7679
5790
8462
10779
2337
5623
2326
2929
2546
3112
1458
7007
2478
5138
5393
8514
10311
5117
10913
3032
8524
8619
898
4547
5370
4860
10757
4023
7181
10598
255
2375
9829
9423
4198
153
10001
8625
8416
6673
10500
5517
6958
954
4643
6507
2686
1241
5802
1407
87
6147
10067
3006
642
4973
2715
10432
9727
1818
9481
2711
8933
7600
9706
1321
11187
1646
7990
2980
7620
1876
4333
3850
9303
736
4838
10659
10084
7004
8080
cluster 2, ids:
2174
6177
9736
4939
2278
9360
1409
9422
3033
5710
7373
10738
8595
2968
7286
1331
5846
4119
273
4452
11178
7247
11100
3037
1473
1016
7533
2683
3629
9215
2286
367
5290
9579
7660
1461
9701
3120
5885
4050
7798
92
3025
4370
3712
5610
1349
641
10854
10492
7698
6431
7829
1324
326
3182
1030
5552
868
2677
6927
2877
1584
7264
1377
1755
4653
7375
709
3726
6798
1606
3406
3153
4200
9396
2387
6690
9703
10967
10144
8652
8962
8148
4697
7254
2874
9738
5827
10812
1717
1379
2392
520
8275
2607
663
2521
11191
8553
11030
6201
2061
4107
933
5837
2928
5680
10313
1519
10703
2098
3310
2724
6720
2066
455
7414
7617
194
9973
7422
8581
5929
7284
4324
9347
10664
5954
6471
4148
3225
7540
8594
2815
3916
1581
6619
916
10581
5300
5154
1676
22
10623
10160
3386
9925
5389
182
11025
9214
2258
713
3281
702
10741
1991
10591
5036
4368
4279
8692
7685
10232
4184
10381
3525
6818
3526
8181
7369
8159
10242
5966
5314
5081
5756
3710
6424
7444
1177
7232
4587
10299
3083
8953
10708
3469
8461
2942
4381
4725
3277
6940
8754
2920
8779
75
10120
7230
450
6379
8315
10888
968
4472
6991
4301
1388
6969
1463
7212
5329
5956
7458
5237
7761
2281
7938
10470
6488
10270
221
20
8897
2371
6825
1072
2461
10839
6299
10846
347
11075
4442
199
8629
236
3483
4599
3732
6768
8560
10402
6141
10856
4186
368
3312
2895
7848
5794
4877
3007
807
4271
4120
115
738
773
10602
9653
8916
8017
7023
8086
8825
7108
8800
7037
1968
6534
9485
9760
1048
2625
9972
4487
4988
538
6383
3202
6515
6387
5320
5048
8146
3635
3547
2456
5633
7011
2620
3933
1734
3308
2166
6634
453
7378
5184
9097
6374
7453
6119
5723
1970
5313
5287
4550
10613
67
6019
5863
6730
6287
5985
4754
8870
966
3846
1162
2055
10536
9197
10832
10855
3081
247
9523
5577
1833
9080
1545
6271
3885
1175
2320
675
5025
2308
5995
1010
5961
7613
10542
11166
523
8414
749
967
4252
5922
6116
6263
1604
5907
359
8387
10466
5231
2245
2246
3602
1118
8955
945
5644
1506
8876
9739
938
2740
833
6230
7325
1307
6211
286
803
5493
5107
1857
5429
195
2296
10637
907
9516
679
7384
5267
2516
378
7628
7128
2811
1663
3099
3972
10260
4554
4937
1920
8749
10377
10971
839
5621
11039
9635
2173
942
9386
5510
979
4698
7912
7275
6181
2698
3231
4096
9140
10258
5675
8805
10420
4791
10146
5289
8663
10490
2534
4188
6613
10827
5491
10010
361
2678
10341
5654
5824
8254
2836
8418
274
574
3220
5967
1183
4682
5788
5975
4042
2525
2945
10524
4690
7196
4864
4706
3697
5286
5763
7494
2005
6885
3340
3584
7706
9
2853
6310
10380
1998
10795
2804
73
5589
10212
2217
7791
955
5424
879
10699
1497
9916
8685
4967
2130
8175
3790
5223
1626
4764
5892
2262
1131
1041
3409
7943
800
4656
1764
8286
6097
8041
252
3276
3570
10906
5209
10785
6866
10141
10352
1834
2285
1378
1165
1404
2639
8299
6437
7327
8143
4065
8230
5939
10323
7947
7397
1890
10356
3565
8799
1045
2202
10340
10640
1381
10905
8605
4351
1064
7610
263
7807
5092
3798
3524
5247
10560
5534
7592
2694
8910
10477
5283
7261
9648
2870
8008
1419
9150
1250
9905
2952
4168
8397
5513
269
10307
5684
8334
1440
9860
5866
7393
332
4227
9467
3722
4796
3766
5180
10702
7505
2961
3578
10789
10951
10680
3265
7101
4385
10686
1403
9291
5015
7842
9955
6663
10448
6355
3517
1158
4338
2452
9507
4867
9289
4552
8212
6679
9923
405
3657
1951
4102
7042
6214
4954
9323
983
6568
5631
5454
4095
5474
626
10509
6382
8775
322
6103
1655
10643
6497
7901
1146
11031
5991
1008
11091
3969
1916
8832
7532
2115
10104
271
9216
7124
1100
10609
6950
7699
8726
1515
977
4548
492
4541
8858
3266
2656
1839
2632
9014
11133
5959
6168
607
6983
692
9246
1448
9817
8372
cluster 3, ids:
2114
6565
1966
8601
1371
4114
2225
6260
6853
9369
1357
1859
7503
535
8504
4646
4518
8908
10991
5077
999
1592
7215
11071
11051
821
8690
2730
10095
8475
8717
10314
6935
9938
6422
10424
2798
6521
6274
4785
460
5341
9449
2176
9265
10089
10992
1225
7828
10983
10102
4543
9274
6963
7381
9560
1150
1411
1826
7274
5125
9799
8318
2669
9999
3523
7106
5067
4216
1361
6932
1340
8746
3725
6694
1137
4947
7059
7999
9286
2426
3403
10965
11088
6071
6036
203
3711
4322
6931
5547
10955
9504
8314
3174
3179
9058
7627
988
1503
10156
8923
6945
4149
1173
4611
4679
4248
5555
3197
4673
9826
1501
10767
1277
9977
8029
10479
3619
5114
6086
437
11101
10430
5278
3560
6974
3667
7723
6887
6406
4508
5331
1915
4964
10446
9930
6303
9493
5536
5989
9499
2150
5687
5332
5848
4856
1031
4789
1446
5830
4597
10925
5046
8624
11074
10150
7053
4654
10619
8362
4637
8931
2008
10037
5303
4843
6810
5386
10489
10981
9209
10286
2611
5718
8164
4580
9305
8545
8492
10473
7962
241
5236
5204
9220
1020
4998
4002
3005
6421
4207
8707
6072
1509
1127
4790
10245
5538
146
375
1524
7451
6749
2975
8015
5031
7959
6905
10486
2410
8278
5735
590
5545
7789
2324
697
1627
257
9757
4138
5153
961
810
2147
3979
3910
9400
3698
9010
1577
5336
6024
4394
7143
1650
9206
5147
2535
1745
10590
1065
2674
10909
2963
9121
4310
9349
4530
1553
8204
6652
10133
7521
4070
8370
2939
9743
1763
3967
486
9264
4278
202
3852
7725
7321
4828
4390
1081
4261
5350
9298
9952
3503
4608
2612
5185
7022
5453
3091
8395
4931
4127
1964
3690
1891
295
10742
477
7832
7396
1172
569
4686
1000
10129
2499
7500
5796
9292
737
5883
8584
6173
7960
762
2831
6977
1619
8093
5302
4687
7849
6906
7872
4427
10163
2886
2186
5113
10858
3010
5558
4619
5832
6417
5831
3138
4994
7966
6200
2495
3434
6428
2109
6203
3595
4331
3334
6248
10164
6815
4122
500
7861
4786
4974
3507
2079
2591
7899
2802
6343
7734
7428
1103
3422
2909
3104
2088
6292
11181
9790
7313
3520
10394
1772
1544
2666
5721
4418
8722
10469
3661
9589
7366
9432
cluster 4, ids:
5524
4141
5324
7446
965
2125
8180
1993
4047
2404
8755
4339
6566
8614
9381
10383
8375
3076
1012
6518
4137
4477
1402
6312
8132
1618
771
9370
7431
3267
9805
1491
3381
8026
433
9597
1685
11084
2937
9949
3830
7987
7055
10240
9283
9970
9260
10573
6637
1880
10562
3934
6982
5602
6999
7300
8727
380
0
454
2075
7079
3233
11004
313
9940
9529
6439
8867
8932
309
1184
291
2379
3066
2304
3445
3762
4391
1672
2926
7119
3924
5596
4440
6320
3050
9478
1802
9750
7214
10350
10675
10151
10172
9707
6245
2579
175
9185
11056
9365
6184
6142
9336
10704
5955
1245
1729
6202
5642
7683
3428
2552
8890
10882
7030
3767
238
9699
7495
1142
2276
2807
6131
6233
10648
1992
7851
2416
9697
2021
564
178
5512
8970
5172
5562
9426
6605
3136
8737
716
466
5140
4945
10584
8939
4320
4607
2532
4943
4702
2004
4769
4437
11096
7822
9240
448
9780
10681
9120
1029
2574
5253
5057
254
4501
3075
2453
7972
895
8650
2782
10972
6583
4299
10727
9624
5156
944
1907
701
3856
2131
3376
10928
6661
2564
3867
55
5084
7426
9153
10379
9204
9937
9596
2891
4910
6327
10142
7279
143
9239
10196
6384
6988
3336
1272
1044
10159
4990
10936
11171
610
9384
7875
7072
6255
5564
5682
10548
4073
7094
3870
4012
5909
1911
8786
10582
10736
3194
6543
6722
796
3749
310
7326
7352
2350
9145
9687
11176
3900
1
4887
3321
9904
5121
10343
5935
9477
1456
425
2036
8687
10140
9353
7631
2930
9224
5519
8945
6445
2727
6404
9308
10505
4483
3139
10673
7922
1628
1204
3673
760
8957
4128
1328
8405
2882
5748
2134
1523
9665
4640
7801
6357
1600
5407
3056
6872
7646
1640
1212
9984
8952
10634
7010
8562
6059
8911
8985
9888
3717
4767
4475
7290
8104
4507
11013
4491
3759
10766
2223
2875
11112
3807
3535
6295
7348
4944
6466
9964
6001
10552
7409
4741
246
10022
4356
850
4756
3412
2894
849
819
5430
7755
1453
8310
2613
1077
640
8432
6218
3598
10660
10669
1829
9855
8732
2315
3515
6283
6606
7342
837
9500
2995
7192
3439
232
4500
4058
8210
843
4174
1921
7718
10833
9606
8534
5011
6653
9094
6049
5207
1740
7488
635
10319
2931
339
3551
5543
6055
5841
5758
6658
4603
8427
8789
9212
158
1945
9495
873
7793
5080
5232
2407
3834
7712
1343
9967
10507
10476
5948
4743
1542
8773
7514
8216
4405
3421
4094
9958
8402
8783
618
6376
7000
2561
5229
3388
8588
5221
1232
1927
6246
4399
8233
9483
4406
25
217
4220
9559
2849
7787
9988
5529
3478
7250
10770
2072
9463
6318
4093
3594
3643
851
10128
9451
1490
8643
2408
830
6050
125
3463
10530
1079
8920
528
591
2544
8091
5462
2793
7476
10478
6257
2471
5272
2565
5062
8969
4480
9971
6729
9242
10099
940
3011
3298
5120
7019
7408
3859
3783
3427
10711
1665
6575
5177
7005
6409
7485
2295
2781
6457
6912
5299
3433
3389
1215
2570
9256
6349
550
4676
8852
1958
1351
7732
8070
10091
3498
3828
10092
10556
48
10814
9710
7881
5847
3571
2118
6616
2797
9167
2631
8895
2681
9645
10678
1513
7002
8439
6289
9284
1990
10513
10177
5782
10057
2415
9166
5441
7129
10521
9847
531
3170
8527
4609
1168
9595
6710
9029
521
1459
1630
3254
9064
3678
8602
6715
1399
1570
3426
3074
6461
2747
6892
1743
8780
5896
544
17
5544
10176
3283
10872
2181
1867
1518
5734
2878
4827
6250
1139
10413
10868
10676
2162
7919
5626
7530
8925
3009
7165
8537
6281
8360
4470
1406
10821
9797
10949
10841
176
3599
6870
832
2002
3262
4837
3945
3799
3491
9119
5872
5628
4268
10701
4426
7441
1071
10061
2345
10897
123
2406
2712
2254
10281
5396
1052
4865
3107
975
1055
6544
6183
340
9729
9907
8659
6262
4915
2493
1631
3919
4369
10127
2948
5136
7873
7233
5186
10157
5667
902
2429
9362
3968
4084
6721
2829
4377
8207
9723
10652
7118
10722
10968
2736
1092
6261
4286
4749
4478
4201
10870
4001
7270
8235
9405
